50 
0.100000 0.023090 0.500000 
0.100000 0.043090 0.500000 
0.100000 0.063090 0.500000 
0.100000 0.083090 0.500000 
0.100000 0.103090 0.500000 
0.100000 0.123090 0.500000 
0.100000 0.143090 0.500000 
0.100000 0.163090 0.500000 
0.100000 0.183090 0.500000 
0.100000 0.203090 0.500000 
0.100000 0.223090 0.500000 
0.100000 0.243090 0.500000 
0.100000 0.263090 0.500000 
0.100000 0.283090 0.500000 
0.100000 0.303090 0.500000 
0.100000 0.323090 0.500000 
0.100000 0.343090 0.500000 
0.100000 0.363090 0.500000 
0.100000 0.383090 0.500000 
0.100000 0.403090 0.500000 
0.100000 0.423090 0.500000 
0.100000 0.443090 0.500000 
0.100000 0.463090 0.500000 
0.100000 0.483090 0.500000 
0.100000 0.503090 0.500000 
0.100000 0.523090 0.500000 
0.100000 0.543090 0.500000 
0.100000 0.563090 0.500000 
0.100000 0.583090 0.500000 
0.100000 0.603090 0.500000 
0.100000 0.623090 0.500000 
0.100000 0.643090 0.500000 
0.100000 0.663090 0.500000 
0.100000 0.683090 0.500000 
0.100000 0.703090 0.500000 
0.100000 0.723090 0.500000 
0.100000 0.743090 0.500000 
0.100000 0.763090 0.500000 
0.100000 0.783090 0.500000 
0.100000 0.803090 0.500000 
0.100000 0.823090 0.500000 
0.100000 0.843090 0.500000 
0.100000 0.863090 0.500000 
0.100000 0.883090 0.500000 
0.100000 0.903090 0.500000 
0.100000 0.923090 0.500000 
0.100000 0.943090 0.500000 
0.100000 0.963090 0.500000 
0.100000 0.983090 0.500000 
0.100000 1.003090 0.500000 
